
=== PROFILE: /Users/nicky/Projects/CentralLibraryData/ratings_small.csv ===
rows: 100004
columns: 4
column names and dtypes:
userId         int64
movieId        int64
rating       float64
timestamp      int64

first 5 rows:
 userId  movieId  rating  timestamp
      1       31     2.5 1260759144
      1     1029     3.0 1260759179
      1     1061     3.0 1260759182
      1     1129     2.0 1260759185
      1     1172     4.0 1260759205

null report (sorted):
           null_count  null_pct
userId              0       0.0
movieId             0       0.0
rating              0       0.0
timestamp           0       0.0

exact duplicate rows: 0

id duplicate rows for userId: 100004
duplicate index numbers (userId, showing up to 200): [0, 1, 2, 3, 4, 5, 6, 7, 8, 9, 10, 11, 12, 13, 14, 15, 16, 17, 18, 19, 20, 21, 22, 23, 24, 25, 26, 27, 28, 29, 30, 31, 32, 33, 34, 35, 36, 37, 38, 39, 40, 41, 42, 43, 44, 45, 46, 47, 48, 49, 50, 51, 52, 53, 54, 55, 56, 57, 58, 59, 60, 61, 62, 63, 64, 65, 66, 67, 68, 69, 70, 71, 72, 73, 74, 75, 76, 77, 78, 79, 80, 81, 82, 83, 84, 85, 86, 87, 88, 89, 90, 91, 92, 93, 94, 95, 96, 97, 98, 99, 100, 101, 102, 103, 104, 105, 106, 107, 108, 109, 110, 111, 112, 113, 114, 115, 116, 117, 118, 119, 120, 121, 122, 123, 124, 125, 126, 127, 128, 129, 130, 131, 132, 133, 134, 135, 136, 137, 138, 139, 140, 141, 142, 143, 144, 145, 146, 147, 148, 149, 150, 151, 152, 153, 154, 155, 156, 157, 158, 159, 160, 161, 162, 163, 164, 165, 166, 167, 168, 169, 170, 171, 172, 173, 174, 175, 176, 177, 178, 179, 180, 181, 182, 183, 184, 185, 186, 187, 188, 189, 190, 191, 192, 193, 194, 195, 196, 197, 198, 199]
     userId
0         1
19        1
17        1
16        1
15        1
14        1
13        1
12        1
11        1
10        1
18        1
8         1
7         1
6         1
5         1
4         1
3         1
2         1
1         1
9         1
75        2
74        2
73        2
72        2
71        2
70        2
69        2
64        2
67        2
66        2
65        2
63        2
62        2
61        2
76        2
68        2
77        2
87        2
79        2
95        2
94        2
93        2
92        2
91        2
90        2
89        2
78        2
88        2
86        2
85        2
84        2
83        2
82        2
81        2
80        2
59        2
58        2
60        2
56        2
35        2
34        2
33        2
32        2
31        2
30        2
29        2
36        2
28        2
57        2
25        2
24        2
23        2
22        2
21        2
20        2
27        2
37        2
26        2
39        2
38        2
55        2
54        2
52        2
51        2
50        2
49        2
48        2
53        2
46        2
45        2
44        2
43        2
42        2
41        2
47        2
40        2
132       3
131       3
130       3
129       3
126       3
127       3
125       3
123       3
133       3
128       3
134       3
143       3
136       3
137       3
138       3
139       3
140       3
141       3
142       3
144       3
145       3
146       3
122       3
135       3
121       3
124       3
119       3
120       3
96        3
98        3
99        3
100       3
101       3
102       3
103       3
104       3
105       3
106       3
107       3
97        3
109       3
110       3
111       3
112       3
113       3
114       3
115       3
116       3
117       3
118       3
108       3
286       4
285       4
284       4
279       4
282       4
281       4
280       4
278       4
283       4
287       4
292       4
289       4
290       4
291       4
293       4
294       4
295       4
296       4
297       4
298       4
277       4
288       4
276       4
264       4
274       4
251       4
252       4
253       4
254       4
255       4
256       4
257       4
258       4
259       4
260       4
261       4
262       4
263       4
299       4
265       4
266       4
267       4
268       4
269       4
270       4
271       4
272       4
273       4
275       4
300       4
312       4
302       4
330       4

id duplicate rows for movieId: 96941
duplicate index numbers (movieId, showing up to 200): [0, 1, 2, 3, 4, 5, 6, 7, 8, 9, 10, 11, 12, 13, 14, 15, 16, 17, 18, 19, 20, 21, 22, 23, 24, 25, 26, 27, 28, 29, 30, 31, 32, 33, 34, 35, 36, 37, 38, 39, 40, 41, 42, 43, 44, 45, 46, 47, 48, 49, 50, 51, 52, 53, 54, 55, 56, 57, 58, 59, 60, 61, 62, 63, 64, 65, 66, 67, 68, 69, 70, 71, 72, 73, 74, 75, 76, 77, 78, 79, 80, 81, 82, 83, 84, 85, 86, 87, 88, 89, 90, 91, 92, 93, 94, 95, 96, 97, 98, 99, 100, 101, 102, 103, 104, 105, 106, 107, 108, 109, 110, 111, 112, 113, 114, 115, 116, 117, 118, 119, 120, 121, 122, 123, 124, 125, 126, 127, 128, 129, 130, 131, 132, 133, 134, 135, 136, 137, 138, 139, 140, 141, 142, 143, 144, 145, 147, 148, 149, 150, 151, 152, 153, 154, 155, 156, 157, 158, 159, 160, 161, 162, 163, 164, 165, 166, 167, 168, 169, 170, 171, 172, 173, 174, 175, 176, 177, 178, 179, 180, 181, 182, 183, 184, 185, 186, 187, 188, 189, 190, 191, 192, 193, 194, 195, 196, 197, 198, 199, 200]
       movieId
7142         1
4008         1
49641        1
16726        1
76593        1
49452        1
76671        1
22301        1
77017        1
48751        1
48721        1
22179        1
34495        1
17318        1
48392        1
75989        1
77492        1
35173        1
7375         1
48340        1
47819        1
35211        1
47527        1
17701        1
96587        1
7337         1
46886        1
7252         1
21910        1
46709        1
77799        1
22128        1
46667        1
8222         1
98531        1
23097        1
14886        1
9610         1
15085        1
9416         1
23016        1
73210        1
55090        1
95970        1
15273        1
73451        1
699          1
89327        1
54520        1
33564        1
38828        1
52631        1
52317        1
74919        1
32852        1
75562        1
97399        1
89164        1
75700        1
33278        1
89089        1
51144        1
51073        1
33508        1
8260         1
74052        1
77899        1
77962        1
88111        1
85228        1
84897        1
21202        1
5048         1
37795        1
37834        1
37965        1
6625         1
43329        1
19362        1
81242        1
81888        1
82017        1
20959        1
19013        1
42403        1
82413        1
20053        1
38460        1
96993        1
84775        1
38587        1
40153        1
40074        1
38776        1
20742        1
82824        1
39796        1
20386        1
20516        1
82117        1
18928        1
44348        1
37069        1
87811        1
87618        1
96149        1
495          1
46206        1
46149        1
46068        1
78433        1
45894        1
86489        1
45724        1
18342        1
45463        1
98714        1
45322        1
86155        1
35933        1
44632        1
18718        1
44934        1
21433        1
18633        1
85570        1
55421        1
45185        1
18560        1
18480        1
4781         1
95801        1
35983        1
98740        1
80824        1
23179        1
97450        1
55812        1
889          1
91788        1
60058        1
68201        1
24515        1
27425        1
13291        1
27678        1
69096        1
27944        1
69474        1
70088        1
70128        1
91361        1
13068        1
28390        1
59860        1
13481        1
55493        1
70518        1
59798        1
59530        1
90730        1
24259        1
24134        1
59225        1
24073        1
59032        1
29266        1
13767        1
70496        1
60335        1
60639        1
60799        1
25421        1
63794        1
64078        1
962          1
63772        1
63696        1
12038        1
93534        1
11873        1
25175        1
25130        1
93431        1
62983        1
62916        1
62885        1
64825        1
99889        1
67254        1
24739        1
61129        1
92559        1
26165        1
24869        1
58484        1
92944        1
66969        1
12616        1
61216        1

numeric column stats:
rating: min=0.5 max=5.0 mean=3.543608255669773
timestamp: min=789652009 max=1476640644 mean=1129639086.9392424
UNCHANGED: /Users/nicky/Projects/CentralLibraryData/ratings_small.csv
